! DLPNO-CCSD(T) cc-pVTZ cc-pVTZ/C TIGHTPNO TIGHTSCF
%maxcore 10000
%pal
nprocs 16
end
*xyz -1 1
H 4.850702572198 12.929978235016 7.689207272938
C 5.346392000000 11.988262000000 7.873225000000
H 5.818917000000 11.687204000000 6.932850000000
H 4.604958000000 11.216892000000 8.098963000000
C 6.387474000000 11.928130000000 8.969919000000
H 5.903590000000 12.002705000000 9.946992000000
H 7.075298000000 12.768926000000 8.882044000000
C 7.142409000000 10.602734000000 8.882643000000
H 7.892207000000 10.644706000000 8.097099000000
H 6.447500000000 9.809447000000 8.614142000000
N 7.759930000000 10.161740000000 10.123856000000
H 7.531729000000 9.237844000000 10.490097000000
C 8.665316000000 10.823272000000 10.825154000000
N 9.186265000000 11.968733000000 10.354159000000
H 9.469935000000 11.856414000000 9.373770000000
H 9.971142000000 12.286641000000 10.899727000000
N 9.004891000000 10.351892000000 12.014456000000
H 9.687020000000 10.828265000000 12.590405000000
H 8.669327000000 9.431744000000 12.269270000000
C 13.493881000000 9.970208000000 8.967430000000
H 13.996369000000 9.953698000000 9.924883000000
H 14.096556000000 10.339812000000 8.148559000000
C 12.133279000000 10.356834000000 9.001967000000
C 11.425665000000 10.733524000000 7.685994000000
O 12.058889000000 10.681933000000 6.627220000000
O 10.210209000000 11.064087000000 7.813054000000
O 11.463511000000 10.256205000000 10.032459000000
C 11.182707000000 7.973917000000 10.354046000000
H 10.773313000000 8.146612000000 11.336218000000
C 12.499514000000 7.791287000000 10.192241000000
H 13.197070000000 7.884616000000 11.002894000000
C 13.077512000000 7.812243000000 8.898545000000
C 12.159935000000 7.475235000000 7.792702000000
H 12.606512000000 7.246828000000 6.835511000000
C 10.844316000000 7.409302000000 7.970150000000
H 10.193336000000 7.140446000000 7.144846000000
C 10.182694000000 7.780194000000 9.255209000000
H 9.662105000000 8.724991000000 9.076430000000
O 9.232277000000 6.791093000000 9.625134000000
H 8.709838000000 7.118899000000 10.405409000000
C 14.531322000000 7.361560000000 8.741091000000
O 15.192345000000 7.157029000000 9.779774000000
O 14.949009000000 7.263017000000 7.564344000000
*
