2.4e-05 1.623463 1e-15
4.8e-05 1.621366 2e-15
7.3e-05 1.620404 3.0000000000000002e-15
9.7e-05 1.621448 4e-15
0.000121 1.623014 5e-15
0.000145 1.624515 6.0000000000000005e-15
0.000169 1.625366 7e-15
0.000194 1.627642 8e-15
0.000218 1.63047 9.000000000000001e-15
0.000242 1.635755 1.0000000000000002e-14
0.000266 1.640441 1.1000000000000004e-14
0.00029 1.644236 1.2000000000000004e-14
0.000314 1.648859 1.3000000000000005e-14
0.000339 1.653702 1.4000000000000005e-14
0.000363 1.658848 1.5000000000000006e-14
0.000387 1.660382 1.6000000000000008e-14
0.000411 1.660046 1.700000000000001e-14
0.000435 1.658876 1.800000000000001e-14
0.00046 1.653948 1.900000000000001e-14
0.000484 1.646761 2.000000000000001e-14
0.000508 1.63896 2.100000000000001e-14
0.000532 1.631497 2.2000000000000014e-14
0.000556 1.623779 2.3000000000000012e-14
0.000581 1.618279 2.4000000000000014e-14
0.000605 1.613859 2.5000000000000017e-14
0.000629 1.606636 2.6000000000000015e-14
0.000653 1.598308 2.7000000000000017e-14
0.000677 1.590621 2.8000000000000016e-14
0.000701 1.583073 2.900000000000002e-14
0.000726 1.577115 3.000000000000002e-14
0.00075 1.576311 3.100000000000002e-14
0.000774 1.577627 3.200000000000002e-14
0.000798 1.580875 3.3000000000000023e-14
0.000822 1.585781 3.4000000000000026e-14
0.000847 1.592006 3.500000000000002e-14
0.000871 1.5983 3.6000000000000023e-14
0.000895 1.605673 3.7000000000000025e-14
0.000919 1.613992 3.800000000000003e-14
0.000943 1.62396 3.900000000000003e-14
0.000968 1.634097 4.000000000000003e-14
0.000992 1.645018 4.100000000000003e-14
0.001016 1.658691 4.200000000000003e-14
0.00104 1.671871 4.300000000000003e-14
0.001064 1.683588 4.4000000000000033e-14
0.001088 1.692182 4.5000000000000035e-14
0.001113 1.69828 4.600000000000003e-14
0.001137 1.70225 4.7000000000000033e-14
0.001161 1.702406 4.8000000000000035e-14
0.001185 1.700545 4.900000000000004e-14
0.001209 1.697987 5.000000000000004e-14
0.001234 1.693564 5.100000000000004e-14
0.001258 1.690615 5.200000000000004e-14
0.001282 1.685345 5.300000000000004e-14
0.001306 1.676601 5.400000000000004e-14
0.00133 1.668102 5.5000000000000043e-14
0.001355 1.656419 5.6000000000000045e-14
0.001379 1.645752 5.700000000000005e-14
0.001403 1.634583 5.800000000000004e-14
0.001427 1.621233 5.900000000000005e-14
0.001451 1.609327 6.000000000000005e-14
0.001476 1.598082 6.100000000000004e-14
0.0015 1.588842 6.200000000000005e-14
0.001524 1.580158 6.300000000000005e-14
0.001548 1.57209 6.400000000000004e-14
0.001572 1.564558 6.500000000000004e-14
0.001596 1.556656 6.600000000000005e-14
0.001621 1.547281 6.700000000000004e-14
0.001645 1.538192 6.800000000000005e-14
0.001669 1.531232 6.900000000000005e-14
0.001693 1.526273 7.000000000000004e-14
0.001717 1.523664 7.100000000000005e-14
0.001742 1.523475 7.200000000000005e-14
0.001766 1.527195 7.300000000000005e-14
0.00179 1.533061 7.400000000000005e-14
0.001814 1.540213 7.500000000000005e-14
0.001838 1.548709 7.600000000000005e-14
0.001863 1.555265 7.700000000000005e-14
0.001887 1.561526 7.800000000000006e-14
0.001911 1.568167 7.900000000000005e-14
0.001935 1.575657 8.000000000000006e-14
0.001959 1.585151 8.100000000000006e-14
0.001983 1.595757 8.200000000000005e-14
0.002008 1.604398 8.300000000000006e-14
0.002032 1.612406 8.400000000000006e-14
0.002056 1.618295 8.500000000000007e-14
0.00208 1.622156 8.600000000000006e-14
0.002104 1.623189 8.700000000000006e-14
0.002129 1.620294 8.800000000000007e-14
0.002153 1.616778 8.900000000000006e-14
0.002177 1.611641 9.000000000000007e-14
0.002201 1.604216 9.100000000000007e-14
0.002225 1.594953 9.200000000000006e-14
0.00225 1.58637 9.300000000000007e-14
0.002274 1.577771 9.400000000000007e-14
0.002298 1.567526 9.500000000000007e-14
0.002322 1.560777 9.600000000000007e-14
0.002346 1.553759 9.700000000000007e-14
0.002371 1.546581 9.800000000000007e-14
0.002395 1.542379 9.900000000000007e-14
0.002419 1.54109 1.0000000000000008e-13
0.002443 1.541065 1.0100000000000007e-13
0.002467 1.542502 1.0200000000000008e-13
0.002491 1.546083 1.0300000000000008e-13
0.002516 1.549233 1.0400000000000007e-13
0.00254 1.55438 1.0500000000000008e-13
0.002564 1.559933 1.0600000000000008e-13
0.002588 1.564699 1.0700000000000009e-13
0.002612 1.57094 1.0800000000000008e-13
0.002637 1.576954 1.0900000000000008e-13
0.002661 1.582624 1.1000000000000009e-13
0.002685 1.587659 1.1100000000000008e-13
0.002709 1.591594 1.1200000000000009e-13
0.002733 1.594218 1.1300000000000009e-13
0.002758 1.599304 1.140000000000001e-13
0.002782 1.602295 1.150000000000001e-13
0.002806 1.604599 1.1600000000000009e-13
0.00283 1.606236 1.1700000000000008e-13
0.002854 1.606485 1.180000000000001e-13
0.002878 1.607823 1.190000000000001e-13
0.002903 1.608111 1.200000000000001e-13
0.002927 1.609946 1.210000000000001e-13
0.002951 1.613604 1.2200000000000009e-13
0.002975 1.616608 1.230000000000001e-13
0.002999 1.619269 1.240000000000001e-13
0.003024 1.621407 1.2500000000000007e-13
0.003048 1.622619 1.260000000000001e-13
0.003072 1.620895 1.270000000000001e-13
0.003096 1.617669 1.2800000000000009e-13
0.00312 1.613687 1.2900000000000008e-13
0.003145 1.607716 1.3000000000000008e-13
0.003169 1.600428 1.310000000000001e-13
0.003193 1.592048 1.320000000000001e-13
0.003217 1.585924 1.330000000000001e-13
0.003241 1.577489 1.3400000000000009e-13
0.003265 1.569408 1.3500000000000008e-13
0.00329 1.56298 1.360000000000001e-13
0.003314 1.557669 1.370000000000001e-13
0.003338 1.555209 1.380000000000001e-13
0.003362 1.552989 1.390000000000001e-13
0.003386 1.551428 1.4000000000000009e-13
0.003411 1.552548 1.410000000000001e-13
0.003435 1.554984 1.420000000000001e-13
0.003459 1.561332 1.430000000000001e-13
0.003483 1.567291 1.440000000000001e-13
0.003507 1.571123 1.450000000000001e-13
0.003532 1.575552 1.460000000000001e-13
0.003556 1.580586 1.470000000000001e-13
0.00358 1.58364 1.480000000000001e-13
0.003604 1.584294 1.490000000000001e-13
0.003628 1.583252 1.500000000000001e-13
0.003653 1.581984 1.5100000000000011e-13
0.003677 1.577596 1.520000000000001e-13
0.003701 1.570463 1.530000000000001e-13
0.003725 1.561764 1.540000000000001e-13
0.003749 1.55193 1.5500000000000012e-13
0.003773 1.541281 1.5600000000000012e-13
0.003798 1.532339 1.5700000000000011e-13
0.003822 1.523466 1.580000000000001e-13
0.003846 1.512932 1.590000000000001e-13
0.00387 1.503749 1.6000000000000013e-13
0.003894 1.495263 1.6100000000000012e-13
0.003919 1.486261 1.6200000000000012e-13
0.003943 1.476865 1.6300000000000011e-13
0.003967 1.46813 1.640000000000001e-13
0.003991 1.460995 1.6500000000000013e-13
0.004015 1.452996 1.6600000000000013e-13
0.00404 1.446011 1.6700000000000012e-13
0.004064 1.439852 1.6800000000000012e-13
0.004088 1.43478 1.6900000000000011e-13
0.004112 1.431429 1.7000000000000013e-13
0.004136 1.427926 1.7100000000000013e-13
0.00416 1.426349 1.7200000000000013e-13
0.004185 1.424144 1.7300000000000012e-13
0.004209 1.42349 1.7400000000000012e-13
0.004233 1.425865 1.7500000000000014e-13
0.004257 1.432846 1.7600000000000013e-13
0.004281 1.442666 1.7700000000000013e-13
0.004306 1.456055 1.7800000000000013e-13
0.00433 1.473727 1.7900000000000012e-13
0.004354 1.493816 1.8000000000000014e-13
0.004378 1.515418 1.8100000000000014e-13
0.004402 1.537479 1.8200000000000013e-13
0.004427 1.559577 1.8300000000000013e-13
0.004451 1.582224 1.8400000000000012e-13
0.004475 1.605386 1.8500000000000015e-13
0.004499 1.629886 1.8600000000000014e-13
0.004523 1.654414 1.8700000000000014e-13
0.004548 1.67734 1.8800000000000013e-13
0.004572 1.698287 1.8900000000000013e-13
0.004596 1.71641 1.9000000000000015e-13
0.00462 1.731207 1.9100000000000015e-13
0.004644 1.742231 1.9200000000000014e-13
0.004668 1.751861 1.9300000000000014e-13
0.004693 1.758264 1.9400000000000013e-13
0.004717 1.763481 1.9500000000000015e-13
0.004741 1.767616 1.9600000000000015e-13
0.004765 1.770315 1.9700000000000015e-13
0.004789 1.771292 1.9800000000000014e-13
0.004814 1.769594 1.9900000000000014e-13
0.004838 1.766157 2.0000000000000016e-13
0.004862 1.760525 2.0100000000000015e-13
0.004886 1.751923 2.0200000000000015e-13
0.00491 1.743256 2.0300000000000014e-13
0.004935 1.733457 2.0400000000000017e-13
0.004959 1.724299 2.0500000000000016e-13
0.004983 1.714895 2.0600000000000016e-13
0.005007 1.706468 2.0700000000000015e-13
0.005031 1.697386 2.0800000000000015e-13
0.005055 1.691746 2.0900000000000017e-13
0.00508 1.688676 2.1000000000000017e-13
0.005104 1.688875 2.1100000000000016e-13
0.005128 1.691112 2.1200000000000016e-13
0.005152 1.695765 2.1300000000000015e-13
0.005176 1.701781 2.1400000000000017e-13
0.005201 1.709156 2.1500000000000017e-13
0.005225 1.718297 2.1600000000000017e-13
0.005249 1.731264 2.1700000000000016e-13
0.005273 1.746387 2.1800000000000016e-13
0.005297 1.762303 2.1900000000000018e-13
0.005322 1.779006 2.2000000000000017e-13
0.005346 1.794731 2.2100000000000017e-13
0.00537 1.808577 2.2200000000000016e-13
0.005394 1.821099 2.2300000000000016e-13
0.005418 1.830865 2.2400000000000018e-13
0.005442 1.838715 2.2500000000000018e-13
0.005467 1.84592 2.2600000000000017e-13
0.005491 1.853617 2.2700000000000017e-13
0.005515 1.859838 2.280000000000002e-13
0.005539 1.864128 2.290000000000002e-13
0.005563 1.867455 2.300000000000002e-13
0.005588 1.87067 2.310000000000002e-13
0.005612 1.871417 2.3200000000000017e-13
0.005636 1.871376 2.3300000000000017e-13
0.00566 1.869835 2.3400000000000016e-13
0.005684 1.867302 2.3500000000000016e-13
0.005709 1.863981 2.360000000000002e-13
0.005733 1.856875 2.370000000000002e-13
0.005757 1.849373 2.380000000000002e-13
0.005781 1.839501 2.390000000000002e-13
0.005805 1.828194 2.400000000000002e-13
0.00583 1.816249 2.410000000000002e-13
0.005854 1.801466 2.420000000000002e-13
0.005878 1.78843 2.430000000000002e-13
0.005902 1.777309 2.4400000000000017e-13
0.005926 1.767499 2.4500000000000017e-13
0.00595 1.758478 2.460000000000002e-13
0.005975 1.751446 2.470000000000002e-13
0.005999 1.747644 2.480000000000002e-13
0.006023 1.745324 2.490000000000002e-13
0.006047 1.743862 2.5000000000000015e-13
0.006071 1.743085 2.510000000000002e-13
0.006096 1.742738 2.520000000000002e-13
0.00612 1.744154 2.530000000000002e-13
0.006144 1.746006 2.540000000000002e-13
0.006168 1.747305 2.550000000000002e-13
0.006192 1.748306 2.5600000000000017e-13
0.006217 1.749692 2.5700000000000017e-13
0.006241 1.751558 2.5800000000000016e-13
0.006265 1.756142 2.5900000000000016e-13
0.006289 1.761873 2.6000000000000015e-13
0.006313 1.767353 2.610000000000002e-13
0.006337 1.770063 2.620000000000002e-13
0.006362 1.771954 2.630000000000002e-13
0.006386 1.772849 2.640000000000002e-13
0.00641 1.771079 2.650000000000002e-13
0.006434 1.766538 2.660000000000002e-13
0.006458 1.759411 2.670000000000002e-13
0.006483 1.749107 2.6800000000000017e-13
0.006507 1.736383 2.6900000000000017e-13
0.006531 1.722421 2.7000000000000016e-13
0.006555 1.707612 2.710000000000002e-13
0.006579 1.691822 2.720000000000002e-13
0.006604 1.676928 2.730000000000002e-13
0.006628 1.662928 2.740000000000002e-13
0.006652 1.649604 2.750000000000002e-13
0.006676 1.638399 2.760000000000002e-13
0.0067 1.629387 2.770000000000002e-13
0.006724 1.620928 2.780000000000002e-13
0.006749 1.613887 2.7900000000000017e-13
0.006773 1.60883 2.8000000000000017e-13
0.006797 1.606727 2.810000000000002e-13
0.006821 1.604288 2.820000000000002e-13
0.006845 1.60326 2.830000000000002e-13
0.00687 1.603965 2.840000000000002e-13
0.006894 1.604054 2.850000000000002e-13
0.006918 1.603343 2.860000000000002e-13
0.006942 1.602043 2.870000000000002e-13
0.006966 1.599906 2.880000000000002e-13
0.006991 1.595622 2.890000000000002e-13
0.007015 1.589092 2.900000000000002e-13
0.007039 1.582285 2.910000000000002e-13
0.007063 1.574722 2.920000000000002e-13
0.007087 1.565803 2.930000000000002e-13
0.007112 1.557296 2.940000000000002e-13
0.007136 1.549729 2.950000000000002e-13
0.00716 1.541144 2.960000000000002e-13
0.007184 1.531012 2.970000000000002e-13
0.007208 1.521728 2.980000000000002e-13
0.007232 1.513589 2.990000000000002e-13
0.007257 1.506533 3.000000000000002e-13
0.007281 1.500847 0.0002073454345221259
0.007305 1.495414 0.00041389645902014787
0.007329 1.491639 0.0006195964028669663
0.007353 1.488861 0.0008245154708090591
0.007378 1.485733 0.0010284002143342906
0.007402 1.486039 0.0012323930454572873
0.007426 1.489432 0.0014374831465183296
0.00745 1.494561 0.0016438630779204233
0.007474 1.501854 0.0018512996387148914
0.007499 1.509906 0.002058827948528382
0.007523 1.517927 0.002265325403242146
0.007547 1.528373 0.002468830659243618
0.007571 1.540751 0.0026664841322422174
0.007595 1.554315 0.002855106668192008
0.007619 1.571818 0.0030286694561725822
0.007644 1.591912 0.0031814867049270476
0.007668 1.612033 0.003311515595620886
0.007692 1.630745 0.003420045112392547
0.007716 1.649708 0.0035077371407301106
0.00774 1.667089 0.0035779729532311264
0.007765 1.683659 0.0036334845282350757
0.007789 1.69489 0.0036801969789664922
0.007813 1.701342 0.0037222976359648674
0.007837 1.703334 0.0037630394056163093
0.007861 1.703831 0.003803447366496246
0.007886 1.703287 0.003844220966615759
0.00791 1.701694 0.0038860787534383194
0.007934 1.69619 0.003931835898155387
0.007958 1.687559 0.0039841812615908035
0.007982 1.676553 0.004045759913151913
0.008007 1.665268 0.004117734024847671
0.008031 1.655019 0.00419989630334213
0.008055 1.645152 0.004292452653845909
0.008079 1.636693 0.004394292894419941
0.008103 1.631504 0.0045019635397813
0.008127 1.62892 0.004612567273982667
0.008152 1.629263 0.00472278020553139
0.008176 1.632284 0.004829569188777749
0.0082 1.637491 0.004930521261867688
0.008224 1.646318 0.005021822096124083
0.008248 1.656515 0.005102457112963688
0.008273 1.665865 0.00517385869373805
0.008297 1.676003 0.0052359231237537
0.008321 1.687015 0.005288703216816211
0.008345 1.702735 0.005329850449400774
0.008369 1.720899 0.005359922210996174
0.008394 1.741918 0.005380130734299116
0.008418 1.7669 0.005392136402075352
0.008442 1.794569 0.005398479436198941
0.008466 1.824085 0.005401471043822525
0.00849 1.854485 0.005402748837515127
0.008514 1.884376 0.005403262053966308
0.008539 1.914512 0.005403451662575711
0.008563 1.942098 0.005403522937682254
0.008587 1.96724 0.005403550572074753
0.008611 1.987939 0.005403562744120078
0.008635 2.003371 0.005403569196037109
0.00866 2.016719 0.005403572862415055
0.008684 2.026998 0.005403575210892273
0.008708 2.033975 0.005403576937787809
0.008732 2.035934 0.005403578520712455
0.008756 2.036137 0.005403580089433342
0.008781 2.033562 0.005403581848264026
0.008805 2.030886 0.005403583827933416
0.008829 2.02934 0.005403585947066794
0.008853 2.028886 0.005403588108955964
0.008877 2.030397 0.005403590131784294
0.008901 2.031303 0.005403592075443305
0.008926 2.033586 0.005403593832393006
0.00895 2.039633 0.005403595174241336
0.008974 2.049106 0.005403596048465315
0.008998 2.06 0.005403596577635105
0.009022 2.075684 0.005403596830025741
0.009047 2.093908 0.0054035969340647545
0.009071 2.116766 0.005403596966974587
0.009095 2.140141 0.005403596976666225
0.009119 2.162688 0.005403596979519617
0.009143 2.186661 0.005403596980261613
0.009168 2.211224 0.005403596980441536
0.009192 2.233883 0.005403596980490195
0.009216 2.256712 0.005403596980503289
0.00924 2.276601 0.005403596980507506
0.009264 2.294781 0.005403596980509134
0.009289 2.306387 0.0054035969805110405
0.009313 2.311412 0.005403596980513211
0.009337 2.312811 0.005403596980515655
0.009361 2.313332 0.00540359698051852
0.009385 2.310587 0.005403596980521962
0.009409 2.30505 0.005403596980526041
0.009434 2.296221 0.0054035969805307435
0.009458 2.284303 0.00540359698054031
0.009482 2.271022 0.005403596980563817
0.009506 2.261105 0.005403596980610896
0.00953 2.252658 0.005403596980690892
0.009555 2.245541 0.005403596980811862
0.009579 2.242887 0.005403596980950064
0.009603 2.242466 0.005403596981089405
0.009627 2.245791 0.005403596981201171
0.009651 2.25022 0.00540359698128352
0.009676 2.25769 0.005403596981334001
0.0097 2.263493 0.007030879230817652
0.009724 2.265387 0.008399862987695121
0.009748 2.264148 0.009488582612422438
0.009772 2.258741 0.01034082234535664
0.009796 2.253078 0.01103854805518275
0.009821 2.243182 0.011610230955460961
0.009845 2.228123 0.012069687503146093
0.009869 2.209508 0.012440933615599115
0.009893 2.189037 0.012743873251515476
0.009917 2.167821 0.01299398114122651
0.009942 2.144599 0.013192249129306282
0.009966 2.118382 0.013335344351852275
0.00999 2.090397 0.013429096814345004
0.010014 2.060421 0.013483809715785751
0.010038 2.029988 0.013512735743784653
0.010063 1.997612 0.013526019473239953
0.010087 1.962148 0.013531053635164172
0.010111 1.925182 0.01353267429990587
0.010135 1.886902 0.013533174190324078
0.010159 1.845941 0.013533541960806096
0.010184 1.807789 0.013534360753010188
0.010208 1.777512 0.013536030885379692
0.010232 1.753049 0.013538870184914373
0.010256 1.732054 0.013543176179112599
0.01028 1.717099 0.013548840429230708
0.010304 1.70713 0.013555569904337452
0.010329 1.699959 0.013563148344529595
0.010353 1.696822 0.013571120212264844
0.010377 1.698553 0.013578873292327147
0.010401 1.701389 0.013586276783795582
0.010425 1.707133 0.013593005948651028
0.01045 1.715254 0.013598857418899862
0.010474 1.722873 0.013603964029108778
0.010498 1.731372 0.01360832597073414
0.010522 1.741323 0.013611925040970765
0.010546 1.751832 0.01361483661168287
0.010571 1.763135 0.01361713119074677
0.010595 1.774143 0.013618932991762684
0.010619 1.783189 0.013620399968403812
0.010643 1.786779 0.013621749866660019
0.010667 1.783604 0.013623202875853089
0.010691 1.774592 0.013624986641653524
0.010716 1.758734 0.013627507324499513
0.01074 1.740447 0.013631169046123204
0.010764 1.717951 0.013636748282230734
0.010788 1.693395 0.013645165312468014
0.010812 1.667647 0.013657433179130294
0.010837 1.639795 0.013674750708526152
0.010861 1.61204 0.013697632828863437
0.010885 1.585198 0.013725801706753377
0.010909 1.562613 0.013757815777407128
0.010933 1.540805 0.013792595117235533
0.010958 1.520865 0.013828820954673965
0.010982 1.503844 0.013865349903870828
0.011006 1.488531 0.013901395406577604
0.01103 1.475553 0.013936490255950248
0.011054 1.468131 0.013970833363461785
0.011078 1.462123 0.01400446548370723
0.011103 1.46057 0.014037899726463092
0.011127 1.460688 0.014071349226509421
0.011151 1.464003 0.014105213302073942
0.011175 1.467919 0.014139532859892914
0.011199 1.473418 0.014174426275362433
0.011224 1.480462 0.014209936839913609
0.011248 1.488938 0.014246004329181486
0.011272 1.499396 0.014282466193904822
0.011296 1.512211 0.014318956750129943
0.01132 1.526556 0.014354886023971704
0.011345 1.540424 0.014389703338209697
0.011369 1.554317 0.01442289853391745
0.011393 1.567849 0.014454095803793322
0.011417 1.580303 0.014483162457464834
0.011441 1.591514 0.014510133412205984
0.011466 1.600936 0.014535254217739744
0.01149 1.610766 0.014558395008411119
0.011514 1.621261 0.014579404385611866
0.011538 1.630737 0.014598505947180183
0.011562 1.639134 0.014615951863074248
0.011586 1.647653 0.0146317685189511
0.011611 1.654042 0.014646405170645466
0.011635 1.661907 0.014659646698375203
0.011659 1.669278 0.014671645023505259
0.011683 1.676534 0.014682485133948934
0.011707 1.684864 0.014692080160444543
0.011732 1.693566 0.014700474635737266
0.011756 1.70481 0.014707471189337464
0.01178 1.715442 0.014713303370612187
0.011804 1.727531 0.014717990886119775
0.011828 1.741242 0.014721595732569025
0.011853 1.754883 0.014724328846146032
0.011877 1.768757 0.014726359330809215
0.011901 1.782256 0.014727858125683946
0.011925 1.79626 0.01472893774541444
0.011949 1.811825 0.014729680830255913
0.011973 1.829785 0.014730171653001826
0.011998 1.845659 0.014730540785415396
0.012022 1.859797 0.0147308763433675
0.012046 1.872242 0.014731245214082945
0.01207 1.881124 0.014731679980983963
0.012094 1.885968 0.014732168034490062
0.012119 1.887007 0.015329085636509357
0.012143 1.886608 0.015926026691268177
0.012167 1.884204 0.016522873222755398
0.012191 1.88111 0.017119002583320785
0.012215 1.878361 0.017713935075308402
0.01224 1.873521 0.018305489117500785
0.012264 1.865979 0.018888614919773034
0.012288 1.856565 0.01945604888047468
0.012312 1.844602 0.01999598903182009
0.012336 1.83166 0.020498095503393127
0.01236 1.818703 0.020955880355528724
0.012385 1.804319 0.021359608750570774
0.012409 1.793254 0.021720132144758427
0.012433 1.783866 0.022043975091651614
0.012457 1.777227 0.022342284695546243
0.012481 1.77286 0.022624114453974793
0.012506 1.769357 0.022892947429844598
0.01253 1.767452 0.023154809623048382
0.012554 1.770471 0.023427753513864967
0.012578 1.776428 0.02372302958118297
0.012602 1.783228 0.024044400418680424
0.012627 1.792531 0.024402088802276088
0.012651 1.804672 0.024807179745130175
0.012675 1.814369 0.02524908547293611
0.012699 1.823545 0.025724051059180637
0.012723 1.834871 0.02623622749097276
0.012748 1.84524 0.02677782810535972
0.012772 1.852807 0.027337489495367906
0.012796 1.857071 0.027905905463777875
0.01282 1.857351 0.028474859261142828
0.012844 1.855844 0.02904086638945823
0.012868 1.854813 0.029604779781740333
0.012893 1.854005 0.030167007804316606
0.012917 1.851403 0.030723555964384693
0.012941 1.85231 0.03128212729309902
0.012965 1.85069 0.03183705102741461
0.012989 1.84657 0.03238204798513691
0.013014 1.840929 0.03291202802173338
0.013038 1.831792 0.03341455820389822
0.013062 1.819281 0.03387442975673078
0.013086 1.80478 0.03427993975648829
0.01311 1.788758 0.034622846525052514
0.013135 1.771736 0.034900480839081933
0.013159 1.757848 0.03512836715212557
0.013183 1.744364 0.035312468666609545
0.013207 1.728495 0.03545182786915298
0.013231 1.709911 0.035548701649461396
0.013255 1.691816 0.03561409415954675
0.01328 1.671227 0.03565399967244614
0.013304 1.648181 0.03567564283908291
0.013328 1.622635 0.03568585576556161
0.013352 1.598883 0.035690598945732496
0.013376 1.573564 0.03569254584135766
0.013401 1.551016 0.03569337270661396
0.013425 1.528679 0.03569370650593444
0.013449 1.506963 0.03569383715093196
0.013473 1.482725 0.035693880108537565
0.013497 1.456455 0.035693892012249456
0.013522 1.429141 0.035693894889694426
0.013546 1.399659 0.03569389545357135
0.01357 1.366417 0.035693895533512134
0.013594 1.332038 0.03569389554313134
0.013618 1.297682 0.03569389554436874
0.013643 1.260013 0.035693895544598564
0.013667 1.222875 0.035693895544676356
0.013691 1.189731 0.0356938955447102
0.013715 1.156819 0.03569389554472419
0.013739 1.124825 0.035693895544729994
0.013763 1.095017 0.03569389554473274
0.013788 1.066302 0.03569389554473435
0.013812 1.041023 0.03569389554473558
0.013836 1.01738 0.03569389554473666
0.01386 0.996914 0.0356938955447377
0.013884 0.980822 0.035693895544738716
0.013909 0.96783 0.03569389554473972
0.013933 0.960662 0.03569389554474073
0.013957 0.958503 0.035693895544741734
0.013981 0.9587 0.03569389554474275
0.014005 0.960318 0.03569389554474375
0.01403 0.963508 0.03569389554474476
0.014054 0.971379 0.035693895544745766
0.014078 0.983046 0.03569389554474678
0.014102 0.996727 0.03569389554474782
0.014126 1.015908 0.035693895544748895
0.01415 1.037779 0.03569389554475009
0.014175 1.060252 0.035693895544751574
0.014199 1.082156 0.03569389554475367
0.014223 1.10222 0.035693895544756916
0.014247 1.120189 0.035693895544762044
0.014271 1.134874 0.035693895544769684
0.014296 1.149144 0.03569389554478101
0.01432 1.162204 0.035693895544797224
0.014344 1.172738 0.03569389554481882
0.014368 1.180886 0.03569389554484566
0.014392 1.187792 0.03569389554487784
0.014417 1.193889 0.03569389554491552
0.014441 1.195238 0.03569389554495453
0.014465 1.194279 0.03569389554499259
0.014489 1.191413 0.03569389554502795
0.014513 1.189596 0.03569389554506167
0.014537 1.189642 0.03569389564930631
0.014562 1.19434 0.03569389575341267
0.014586 1.201519 0.03569389585677166
0.01461 1.21251 0.035693895957766265
0.014634 1.228226 0.035693896053023776
0.014658 1.245732 0.035693896139204026
0.014683 1.266628 0.03569389621214217
0.014707 1.290312 0.035693896269276625
0.014731 1.31584 0.03569389631293308
0.014755 1.342008 0.03569389636057902
0.014779 1.366838 0.03569389648239783
0.014804 1.389651 0.03569389690804773
0.014828 1.408196 0.035693898116803416
0.014852 1.422593 0.03569390078458861
0.014876 1.43187 0.03569390517677731
0.0149 1.437863 0.03569391120658112
0.014925 1.44036 0.03569391807921039
0.014949 1.439593 0.035693924681583215
0.014973 1.434083 0.03569392962135996
0.014997 1.428229 0.03569393323713116
0.015021 1.42205 0.03569393582755102
0.015045 1.413727 0.03569393746994495
0.01507 1.405561 0.03569393851341871
0.015094 1.396777 0.035693939150276265
0.015118 1.387909 0.03569393953601281
0.015142 1.37716 0.03569393974726629
0.015166 1.365672 0.035693939862120584
0.015191 1.354059 0.03569393993026826
0.015215 1.341924 0.03569393997783385
0.015239 1.331311 0.0356939400197131
0.015263 1.322627 0.03569394006159844
0.015287 1.320221 0.035693940103969556
0.015312 1.321789 0.03569394014600435
0.015336 1.324912 0.03569394018759944
0.01536 1.331619 0.035693940229540755
0.015384 1.341498 0.03569394027670804
0.015408 1.353033 0.035693940342258396
0.015432 1.364403 0.035693940450099625
0.015457 1.373104 0.035693940619404695
0.015481 1.381163 0.035693940883273906
0.015505 1.388459 0.035693941281184347
0.015529 1.396344 0.035693941902687605
0.015553 1.402079 0.03569394276119245
0.015578 1.407087 0.03569394389746844
0.015602 1.409237 0.03569394517832503
0.015626 1.409377 0.03569394646914367
0.01565 1.406207 0.0356939475509639
0.015674 1.401581 0.03569394838576553
0.015699 1.394034 0.035693948931190614
0.015723 1.385959 0.03569394927670007
0.015747 1.374889 0.03569394946321002
0.015771 1.362676 0.03569394956238252
0.015795 1.350036 0.035693949621391954
0.01582 1.336843 0.03569394966522966
0.015844 1.325549 0.035693949706776605
0.015868 1.315757 0.035693949750461855
0.015892 1.308863 0.03569394979699751
0.015916 1.305855 0.03569394984501622
0.01594 1.306124 0.03569394989289732
0.015965 1.309748 0.03569394993902181
0.015989 1.314026 0.035693949983339725
0.016013 1.318764 0.03569395002608504
0.016037 1.325752 0.03569395006761983
0.016061 1.331742 0.03569395010958728
0.016086 1.339704 0.03569395015525901
0.01611 1.34595 0.0356939502075089
0.016134 1.348692 0.035693950264041804
0.016158 1.346643 0.03569395031728264
0.016182 1.342271 0.03569395036518525
0.016207 1.338172 0.03569395040979572
0.016231 1.330361 0.035693950451514855
0.016255 1.322785 0.03569395049337448
0.016279 1.315294 0.03569395053722295
0.016303 1.30729 0.035693950584519
0.016327 1.296874 0.035693950637572205
0.016352 1.286556 0.03569395069714086
0.016376 1.274405 0.035693950764840096
0.0164 1.263865 0.035693950839618335
0.016424 1.253333 0.03569395092120016
0.016448 1.245683 0.035693951007409165
0.016473 1.241872 0.03569395109579154
0.016497 1.240902 0.0356939511847114
0.016521 1.241818 0.035693951273123976
0.016545 1.244919 0.035693951359776474
0.016569 1.249349 0.03569395144380823
0.016594 1.254882 0.035693951524416186
0.016618 1.261715 0.03569395160061402
0.016642 1.269633 0.03569395167153477
0.016666 1.278983 0.03569395173614489
0.01669 1.290314 0.03569395179327802
0.016714 1.305177 0.03569395184164694
0.016739 1.32451 0.035693951883280006
0.016763 1.347067 0.035693951937156236
0.016787 1.368533 0.03569395207005818
0.016811 1.385903 0.03569395241448004
0.016835 1.399677 0.035693953164483594
0.01686 1.408423 0.03569395438862304
0.016884 1.412626 0.035693955934149244
0.016908 1.414996 0.035693957695487034
0.016932 1.413009 0.03569395927405603
0.016956 1.410562 0.03569734019163574
0.016981 1.410303 0.03570072079070289
0.017005 1.411609 0.03570410268704939
0.017029 1.413323 0.03570748511356654
0.017053 1.417555 0.035710863165613144
0.017077 1.423469 0.035714221648226685
0.017102 1.431375 0.035717530064660837
0.017126 1.442346 0.035720726468756805
0.01715 1.457028 0.03572370622028476
0.017174 1.476336 0.03572632031916446
0.017198 1.497858 0.035728498776558364
0.017222 1.52283 0.03573030756108808
0.017247 1.548102 0.03573221269712295
0.017271 1.574256 0.035735365822003144
0.017295 1.598617 0.03574182765642271
0.017319 1.623091 0.03575558120192154
0.017343 1.647988 0.03578393813676601
0.017368 1.672715 0.03583841129086134
0.017392 1.696907 0.03593479378447021
0.017416 1.720539 0.03609234077725112
0.01744 1.74457 0.03633514846015736
0.017464 1.768646 0.036685063651712244
0.017489 1.792875 0.037156969984433234
0.017513 1.814099 0.03773647995131249
0.017537 1.833024 0.03840212426613283
0.017561 1.848516 0.03912476567033032
0.017585 1.862214 0.03988383969394925
0.017609 1.873458 0.040661291046061844
0.017634 1.882135 0.04144523749468537
0.017658 1.889642 0.042229238946041706
0.017682 1.894933 0.04301017056253794
0.017706 1.895936 0.0437902326096641
0.01773 1.895153 0.04457098078187154
0.017755 1.892062 0.04535389546640006
0.017779 1.889063 0.04613807703942436
0.017803 1.887673 0.04692256582633366
0.017827 1.887514 0.047707078201677536
0.017851 1.889399 0.04849115886374878
0.017876 1.891437 0.049274405700224205
0.0179 1.894651 0.050055565273414926
0.017924 1.898984 0.050832427761413015
0.017948 1.902967 0.05160386018143232
0.017972 1.904536 0.05237277212975115
0.017996 1.906211 0.05313875623720353
0.018021 1.907395 0.053902526979824464
0.018045 1.907127 0.05466680986332645
0.018069 1.908169 0.055429068244028094
0.018093 1.910366 0.05618676373968291
0.018117 1.910423 0.05694433379032764
0.018142 1.910582 0.05770155677333963
0.018166 1.909665 0.058460751621118814
0.01819 1.905722 0.059227615736757694
0.018214 1.901929 0.060000598553506326
0.018238 1.896597 0.060780037260180615
0.018263 1.889989 0.06156391613930071
0.018287 1.885953 0.0623485386033844
0.018311 1.883214 0.06313281198207611
0.018335 1.881351 0.06391645394254174
0.018359 1.880871 0.06469988166956138
0.018384 1.881517 0.06548359275008646
0.018408 1.883604 0.0662679582596517
0.018432 1.884381 0.0670524649737066
0.018456 1.883738 0.0678368587850303
0.01848 1.884107 0.06862132178272944
0.018504 1.885678 0.0694059404720863
0.018529 1.887569 0.07019044498453986
0.018553 1.886373 0.07097505989918806
0.018577 1.885824 0.07175968141958834
0.018601 1.885299 0.07254428343745233
0.018625 1.884677 0.07332882915232668
0.01865 1.881654 0.0741125952190708
0.018674 1.877017 0.07489353841967344
0.018698 1.87112 0.07566807785426555
0.018722 1.865412 0.07643348914781635
0.018746 1.85922 0.07718586109881619
0.018771 1.853328 0.07792294514852079
0.018795 1.850427 0.07865152647424435
0.018819 1.845073 0.07936282405870913
0.018843 1.839839 0.08005536459169857
0.018867 1.832841 0.0807202522492725
0.018891 1.823332 0.0813435616694812
0.018916 1.810427 0.08190495992531943
0.01894 1.795221 0.08238896250340805
0.018964 1.776545 0.08277764529203209
0.018988 1.757204 0.08307427990893754
0.019012 1.736686 0.08328654128692013
0.019037 1.716176 0.08343113541459449
0.019061 1.695474 0.0835244925179778
0.019085 1.672698 0.08357894311734974
0.019109 1.648498 0.08360770411023553
0.019133 1.622321 0.0836211406176097
0.019158 1.595397 0.08362698920545697
0.019182 1.565367 0.08362952611841147
0.019206 1.534853 0.08363129330361405
0.01923 1.506849 0.08363330969514347
0.019254 1.480633 0.08363583587637993
0.019279 1.456979 0.0836388164546898
0.019303 1.433927 0.08364210308064075
0.019327 1.412347 0.0836454853674885
0.019351 1.390768 0.0836487560663821
0.019375 1.371483 0.08430342352570143
0.019399 1.352674 0.08490791528480528
0.019424 1.333799 0.08543736185746356
0.019448 1.316406 0.08588460382189099
0.019472 1.298753 0.08624461880582521
0.019496 1.283536 0.08653239909692023
0.01952 1.271267 0.0867667258189369
0.019545 1.260399 0.08695846395246085
0.019569 1.249141 0.08711138974118861
0.019593 1.238135 0.08723178092043746
0.019617 1.229056 0.08732928915974582
0.019641 1.217501 0.08740255123321855
0.019666 1.205909 0.08745646687839588
0.01969 1.193102 0.08749401348108386
0.019714 1.179744 0.08751909998764736
0.019738 1.165467 0.08753493530981665
0.019762 1.152372 0.08754504746075027
0.019786 1.138634 0.08755119465281068
0.019811 1.125522 0.08755491916515426
0.019835 1.110614 0.08755696212320734
0.019859 1.094981 0.0875580127208329
0.019883 1.079942 0.08755854829138823
0.019907 1.062032 0.08755877810806068
0.019932 1.045027 0.08755887661899828
0.019956 1.027619 0.08755891621378717
0.01998 1.009399 0.08755893075286375
0.020004 0.992814 0.08755893634997068
0.020028 0.974362 0.08755893819506728
0.020053 0.9574 0.08755893883157133
0.020077 0.939917 0.08755893903486724
0.020101 0.920804 0.08755893909033816
0.020125 0.900467 0.0875589391034822
0.020149 0.878334 0.08755893910604907
0.020173 0.856086 0.08755893910651417
0.020198 0.830507 0.08755893910657403
0.020222 0.801319 0.0875589391065779
0.020246 0.772868 0.08755893910657919
0.02027 0.74711 0.08755893910658026
0.020294 0.725389 0.08755893910658129
0.020319 0.707469 0.08755893910658229
0.020343 0.691799 0.0875589391065833
0.020367 0.67878 0.0875589391065843
0.020391 0.668581 0.08755893910658531
0.020415 0.663523 0.08755893910658633
0.02044 0.662798 0.08755893910658732
0.020464 0.663684 0.08755893910658834
0.020488 0.6701 0.08755893910658934
0.020512 0.676447 0.08755893910659035
0.020536 0.684538 0.08755893910659135
0.020561 0.695579 0.08755893910659236
0.020585 0.707483 0.08755893910659338
0.020609 0.722243 0.08755893910659439
0.020633 0.7396 0.08755893910659544
0.020657 0.762161 0.08755893910659662
0.020681 0.786292 0.08755893910659822
0.020706 0.812414 0.08755893910661068
0.02073 0.838862 0.08755893910672906
0.020754 0.862948 0.08755893910752222
0.020778 0.884651 0.08755893911164161
0.020802 0.904632 0.08755893912937858
0.020827 0.923452 0.08755893919599768
0.020851 0.938819 0.08755893938495632
0.020875 0.950554 0.08755893979424306
0.020899 0.961504 0.08755894062088784
0.020923 0.971692 0.0875589421857526
0.020948 0.981961 0.08755894511755302
0.020972 0.992878 0.08755895073595257
0.020996 1.002255 0.08755896042135315
0.02102 1.008128 0.0875589739539683
0.021044 1.013613 0.08755899236491531
0.021068 1.015897 0.08755901326497036
0.021093 1.017339 0.08755903589930338
0.021117 1.015153 0.08755905595526477
0.021141 1.012502 0.08755907325904495
0.021165 1.010711 0.08755908891175228
0.021189 1.009553 0.0875591035776546
0.021214 1.008283 0.08755911722929567
0.021238 1.00619 0.08755912935449679
0.021262 1.006328 0.08755914157530648
0.021286 1.00354 0.08755915200084909
0.02131 1.000119 0.08755916056604422
0.021335 0.996522 0.08755916751910456
0.021359 0.991023 0.08755917255593901
0.021383 0.984586 0.08755917598971254
0.021407 0.978412 0.0875591783539356
0.021431 0.970695 0.08755917982506486
0.021456 0.963789 0.0875591807801738
0.02148 0.955618 0.08755918134791328
0.021504 0.945391 0.08755918163992954
0.021528 0.933388 0.08755918177116799
0.021552 0.920958 0.08755918182723711
0.021576 0.905654 0.08755918184632028
0.021601 0.888181 0.08755918185167327
0.021625 0.867175 0.08755918185277185
0.021649 0.8435 0.08755918185294372
0.021673 0.817038 0.08755918185296271
0.021697 0.789367 0.08755918185296442
0.021722 0.761352 0.08755918185296557
0.021746 0.734278 0.08755918185296661
0.02177 0.708408 0.08755918185296763
0.021794 0.685544 0.08755918185352358
0.021818 0.663927 0.08755918185402659
0.021843 0.644077 0.08755918185446014
0.021867 0.626741 0.08755918185482447
0.021891 0.612593 0.08755918185513108
0.021915 0.600572 0.08755918185539022
0.021939 0.589016 0.08755918185560661
0.021963 0.578337 0.08755918185578687
0.021988 0.568983 0.08755918185593853
0.022012 0.561093 0.08755918185606842
0.022036 0.553128 0.08755918185617857
0.02206 0.544574 0.08755918185626999
0.022084 0.533918 0.0875591818563415
0.022109 0.522342 0.08755918185639534
0.022133 0.507799 0.08755918185643217
0.022157 0.491333 0.08755918185645545
0.022181 0.473728 0.08755918185646927
0.022205 0.453267 0.08755918185647665
0.02223 0.428892 0.08755918185648022
0.022254 0.403483 0.08755918185648214
0.022278 0.375408 0.08755918185648338
0.022302 0.348542 0.08755918185648445
0.022326 0.322347 0.08755918185648548
0.02235 0.294997 0.08755918185648648
0.022375 0.269993 0.08755918185648749
0.022399 0.245447 0.08755918185648849
0.022423 0.221305 0.0875591818564895
0.022447 0.198208 0.0875591818564905
0.022471 0.173278 0.08755918185649152
0.022496 0.149194 0.08755918185649253
0.02252 0.125156 0.08755918185649353
0.022544 0.101602 0.08755918185649454
0.022568 0.077452 0.08755918185649554
0.022592 0.053672 0.08755918185649655
0.022617 0.028727 0.08755918185649755
0.022641 0.00491 0.08755918185649857
0.022665 -0.019358 0.08755918185649958
0.022689 -0.044662 0.08755918185650058
0.022713 -0.071538 0.08755918185650159
0.022738 -0.097997 0.08755918185650259
0.022762 -0.123052 0.0875591818565036
0.022786 -0.147054 0.0875591818565046
0.02281 -0.171402 0.08755918185650562
0.022834 -0.197411 0.08755918185650662
0.022858 -0.220847 0.08755918185650763
0.022883 -0.244014 0.08755918185650864
0.022907 -0.267877 0.08755918185650964
0.022931 -0.293151 0.08755918185651065
0.022955 -0.319101 0.08755918185651165
0.022979 -0.346448 0.08755918185651267
0.023004 -0.373818 0.08755918185651367
0.023028 -0.402142 0.08755918185651468
0.023052 -0.431663 0.08755918185651569
0.023076 -0.46315 0.08755918185651669
0.0231 -0.498244 0.0875591818565177
0.023125 -0.539649 0.0875591818565187
0.023149 -0.585413 0.08755918185651972
0.023173 -0.633968 0.08755918185652072
0.023197 -0.684257 0.08755918185652173
0.023221 -0.739234 0.08755918185652274
0.023245 -0.796149 0.08755918185652374
0.02327 -0.855327 0.08755918185652475
0.023294 -0.917259 0.08755918185652575
0.023318 -0.98126 0.08755918185652677
0.023342 -1.047296 0.08755918185652777
0.023366 -1.114271 0.08755918185652878
0.023391 -1.182832 0.08755918185652979
0.023415 -1.252868 0.08755918185653079
0.023439 -1.323357 0.0875591818565318
0.023463 -1.393832 0.0875591818565328
0.023487 -1.465498 0.08755918185653382
0.023512 -1.53718 0.08755918185653482
0.023536 -1.60895 0.08755918185653583
0.02356 -1.676618 0.08755918185653684
0.023584 -1.739132 0.08755918185653784
0.023608 -1.796953 0.08755918185653885
0.023632 -1.845977 0.08755918185653985
0.023657 -1.884118 0.08755918185654087
0.023681 -1.908378 0.08755918185654187
0.023705 -1.918326 0.08755918185654288
