! DLPNO-CCSD(T) cc-pVTZ cc-pVTZ/C TIGHTPNO TIGHTSCF
%maxcore 10000
%pal
nprocs 16
end
*xyz -1 1
H 4.850781301215 12.934605292460 7.688224759549
C 5.350900000000 11.995300000000 7.872580000000
H 5.814320000000 11.687100000000 6.929940000000
H 4.616390000000 11.222300000000 8.114120000000
C 6.405250000000 11.957400000000 8.956310000000
H 5.933650000000 12.038600000000 9.938440000000
H 7.078470000000 12.808000000000 8.849450000000
C 7.178230000000 10.642400000000 8.877650000000
H 7.954460000000 10.700600000000 8.118730000000
H 6.505990000000 9.841780000000 8.576030000000
N 7.760130000000 10.197100000000 10.133200000000
H 7.540780000000 9.261380000000 10.474700000000
C 8.667680000000 10.843800000000 10.844500000000
N 9.155230000000 12.024000000000 10.424400000000
H 9.391740000000 12.000400000000 9.432430000000
H 9.968990000000 12.312300000000 10.944000000000
N 9.058580000000 10.320400000000 11.995300000000
H 9.699290000000 10.816500000000 12.602800000000
H 8.725680000000 9.394070000000 12.232700000000
C 13.434400000000 9.659130000000 8.968930000000
H 13.973900000000 9.823810000000 9.899320000000
H 14.080300000000 9.966040000000 8.158320000000
C 12.213200000000 10.517300000000 9.011080000000
C 11.477100000000 10.841200000000 7.684990000000
O 12.123900000000 10.746800000000 6.637850000000
O 10.267600000000 11.169400000000 7.812850000000
O 11.790500000000 10.937100000000 10.060200000000
C 11.115600000000 7.770220000000 10.397300000000
H 10.685400000000 7.687770000000 11.383200000000
C 12.419300000000 7.883220000000 10.233700000000
H 13.097400000000 7.939930000000 11.064300000000
C 13.071100000000 8.141650000000 8.920430000000
C 12.145900000000 7.755770000000 7.797810000000
H 12.590200000000 7.619840000000 6.822340000000
C 10.845100000000 7.556230000000 7.967210000000
H 10.225700000000 7.269060000000 7.124890000000
C 10.147900000000 7.808810000000 9.263810000000
H 9.727150000000 8.819730000000 9.203970000000
O 9.076930000000 6.898890000000 9.460740000000
H 8.594260000000 7.163270000000 10.286900000000
C 14.459700000000 7.449390000000 8.788380000000
O 15.081500000000 7.187770000000 9.836640000000
O 14.892700000000 7.304190000000 7.620260000000
*
