! DLPNO-CCSD(T) cc-pVTZ cc-pVTZ/C TIGHTPNO TIGHTSCF
%maxcore 10000
%pal
nprocs 16
end
*xyz -1 1
H 4.850745564798 12.929940336313 7.689246415411
C 5.346434000000 11.988230000000 7.873297000000
H 5.818987000000 11.687284000000 6.932920000000
H 4.604976000000 11.216834000000 8.099032000000
C 6.387642000000 11.928107000000 8.969981000000
H 5.903695000000 12.002622000000 9.947053000000
H 7.075533000000 12.768799000000 8.881997000000
C 7.142859000000 10.602862000000 8.882098000000
H 7.892840000000 10.645354000000 8.096775000000
H 6.447574000000 9.809648000000 8.614018000000
N 7.761285000000 10.161433000000 10.123054000000
H 7.530236000000 9.239443000000 10.491146000000
C 8.667853000000 10.823099000000 10.823916000000
N 9.190296000000 11.966110000000 10.352291000000
H 9.473883000000 11.853423000000 9.370681000000
H 9.973979000000 12.285689000000 10.898721000000
N 9.004674000000 10.352349000000 12.014841000000
H 9.687684000000 10.828461000000 12.590096000000
H 8.667297000000 9.433544000000 12.270560000000
C 13.497471000000 10.124834000000 8.990388000000
H 14.002736000000 9.965480000000 9.929403000000
H 14.103335000000 10.391811000000 8.142497000000
C 12.146236000000 10.352758000000 8.999894000000
C 11.431561000000 10.727023000000 7.693401000000
O 12.053873000000 10.681623000000 6.625762000000
O 10.210801000000 11.057931000000 7.817585000000
O 11.439724000000 10.141477000000 10.040080000000
C 11.183713000000 8.059896000000 10.332128000000
H 10.776000000000 8.181377000000 11.324220000000
C 12.515008000000 7.773270000000 10.179404000000
H 13.205526000000 7.874471000000 10.994819000000
C 13.051445000000 7.668223000000 8.919703000000
C 12.151584000000 7.437936000000 7.795097000000
H 12.603638000000 7.236237000000 6.835244000000
C 10.833019000000 7.408642000000 7.963959000000
H 10.181591000000 7.156225000000 7.136612000000
C 10.178662000000 7.786800000000 9.248950000000
H 9.653735000000 8.726833000000 9.065413000000
O 9.248094000000 6.790583000000 9.640450000000
H 8.710204000000 7.122535000000 10.409350000000
C 14.528537000000 7.337625000000 8.746468000000
O 15.201730000000 7.159739000000 9.781723000000
O 14.944198000000 7.268365000000 7.567336000000
*
