! DLPNO-CCSD(T) cc-pVTZ cc-pVTZ/C TIGHTPNO TIGHTSCF
%maxcore 10000
%pal
nprocs 16
end
*xyz -1 1
H 4.327180869242 12.918508148088 8.298778434077
C 4.615993000000 11.944336000000 8.664806000000
H 5.138192000000 11.430530000000 7.853092000000
H 3.716688000000 11.360042000000 8.854892000000
C 5.487603000000 11.843433000000 9.931391000000
H 5.057652000000 11.097993000000 10.602974000000
H 5.510596000000 12.783618000000 10.482553000000
C 6.882980000000 11.448883000000 9.529757000000
H 7.271310000000 12.225406000000 8.869678000000
H 6.830050000000 10.532118000000 8.944906000000
N 7.904584000000 11.196449000000 10.534633000000
H 8.771557000000 10.976197000000 10.047701000000
C 8.096940000000 11.616991000000 11.768281000000
N 7.101201000000 12.002341000000 12.594746000000
H 6.199210000000 11.588095000000 12.450849000000
H 7.396085000000 12.067521000000 13.561656000000
N 9.331381000000 11.679933000000 12.226567000000
H 9.475504000000 11.803926000000 13.224908000000
H 10.095709000000 11.366353000000 11.645908000000
C 13.100505000000 10.089732000000 9.269804000000
H 13.602674000000 10.531468000000 10.128736000000
H 13.601394000000 10.478550000000 8.386425000000
C 11.690086000000 10.601327000000 9.368410000000
C 10.756724000000 10.985777000000 8.181964000000
O 11.216558000000 11.072865000000 7.027178000000
O 9.581914000000 11.232388000000 8.476949000000
O 11.216126000000 10.763856000000 10.462554000000
C 11.201097000000 8.044561000000 10.842912000000
H 10.654234000000 8.107740000000 11.771196000000
C 12.494048000000 8.307108000000 10.799960000000
H 13.036138000000 8.604872000000 11.682912000000
C 13.208453000000 8.502246000000 9.506997000000
C 12.543655000000 7.672960000000 8.435843000000
H 13.169604000000 7.315769000000 7.625673000000
C 11.267059000000 7.322894000000 8.492970000000
H 10.820144000000 6.735778000000 7.699067000000
C 10.385010000000 7.672247000000 9.645186000000
H 9.746387000000 8.519425000000 9.355946000000
O 9.557077000000 6.571298000000 9.933614000000
H 8.861058000000 6.871424000000 10.603517000000
C 14.735286000000 8.171176000000 9.569384000000
O 15.304152000000 8.208381000000 10.690487000000
O 15.304673000000 7.924526000000 8.499763000000
*
