! DLPNO-CCSD(T) cc-pVTZ cc-pVTZ/C TIGHTPNO TIGHTSCF
%maxcore 10000
%pal
nprocs 16
end
*xyz -1 1
H 4.322954811427 12.903581979119 8.265088616524
C 4.605095000000 11.906886000000 8.570693000000
H 5.190507000000 11.466800000000 7.755212000000
H 3.710039000000 11.287900000000 8.665492000000
C 5.380588000000 11.699238000000 9.854755000000
H 5.516676000000 10.620831000000 9.971529000000
H 4.775081000000 12.028266000000 10.704389000000
C 6.750721000000 12.355805000000 9.863295000000
H 6.712143000000 13.353176000000 10.302544000000
H 7.087132000000 12.482854000000 8.837069000000
N 7.801394000000 11.584780000000 10.503722000000
H 8.520358000000 11.224111000000 9.867439000000
C 8.105987000000 11.636393000000 11.782797000000
N 7.220458000000 12.116611000000 12.672554000000
H 6.242412000000 11.998926000000 12.485304000000
H 7.523348000000 12.086887000000 13.639547000000
N 9.292053000000 11.256909000000 12.216979000000
H 9.479849000000 11.335825000000 13.210993000000
H 9.990700000000 10.886266000000 11.583156000000
C 12.858063000000 10.838447000000 9.176954000000
H 13.539520000000 10.651479000000 9.991436000000
H 13.225067000000 11.327244000000 8.287276000000
C 11.579931000000 10.502996000000 9.255571000000
C 10.619130000000 10.894485000000 8.164412000000
O 11.075613000000 11.043303000000 7.004633000000
O 9.424143000000 11.083035000000 8.458443000000
O 11.032207000000 9.919997000000 10.363050000000
C 11.233455000000 8.483825000000 10.574462000000
H 10.764467000000 8.310230000000 11.540306000000
C 12.702308000000 8.239668000000 10.641575000000
H 13.232769000000 8.657130000000 11.485180000000
C 13.381706000000 7.692492000000 9.637747000000
C 12.654999000000 7.156452000000 8.483143000000
H 13.249903000000 6.754456000000 7.673199000000
C 11.325520000000 7.157111000000 8.425029000000
H 10.814299000000 6.743059000000 7.564186000000
C 10.455286000000 7.670831000000 9.530873000000
H 9.714263000000 8.357990000000 9.110074000000
O 9.794085000000 6.569231000000 10.104579000000
H 9.037608000000 6.890131000000 10.693839000000
C 14.898536000000 7.779900000000 9.575956000000
O 15.512356000000 8.187599000000 10.600813000000
O 15.431911000000 7.503926000000 8.492276000000
*
