! DLPNO-CCSD(T) cc-pVQZ cc-pVQZ/C TIGHTPNO TIGHTSCF
%maxcore 10000
%pal
nprocs 32
end
*xyz -1 1
H 4.321730672114 12.904763836984 8.261164929022
C 4.604587000000 11.906783000000 8.561875000000
H 5.197260000000 11.475664000000 7.746354000000
H 3.713945000000 11.280302000000 8.649413000000
C 5.379067000000 11.708466000000 9.846010000000
H 5.566006000000 10.636134000000 9.947043000000
H 4.754447000000 12.000319000000 10.695421000000
C 6.712682000000 12.434360000000 9.859956000000
H 6.618478000000 13.428035000000 10.300632000000
H 7.036449000000 12.582221000000 8.832895000000
N 7.802916000000 11.720036000000 10.492795000000
H 8.575269000000 11.455317000000 9.871535000000
C 8.069695000000 11.735932000000 11.784094000000
N 7.125281000000 12.107875000000 12.671146000000
H 6.165992000000 11.913045000000 12.451825000000
H 7.400324000000 12.023620000000 13.641250000000
N 9.267893000000 11.424233000000 12.221434000000
H 9.444627000000 11.490269000000 13.219045000000
H 10.002987000000 11.144741000000 11.573021000000
C 13.041293000000 10.526962000000 9.202960000000
H 13.629228000000 10.596702000000 10.105153000000
H 13.522964000000 10.843712000000 8.288988000000
C 11.666773000000 10.652070000000 9.361922000000
C 10.722467000000 11.024309000000 8.205849000000
O 11.142521000000 11.024400000000 7.023911000000
O 9.558295000000 11.353880000000 8.501258000000
O 11.120561000000 10.420635000000 10.468219000000
C 11.173806000000 8.180176000000 10.784929000000
H 10.618395000000 8.307622000000 11.701917000000
C 12.530843000000 8.256310000000 10.776303000000
H 13.065737000000 8.580668000000 11.652369000000
C 13.227602000000 8.150089000000 9.577124000000
C 12.555252000000 7.508656000000 8.447998000000
H 13.178313000000 7.187960000000 7.623223000000
C 11.250651000000 7.264301000000 8.474914000000
H 10.763976000000 6.739750000000 7.662499000000
C 10.384803000000 7.676918000000 9.614723000000
H 9.747108000000 8.502082000000 9.270476000000
O 9.587617000000 6.581709000000 9.987197000000
H 8.868763000000 6.899525000000 10.629321000000
C 14.761982000000 8.088940000000 9.580145000000
O 15.341525000000 8.201954000000 10.688649000000
O 15.319978000000 7.888160000000 8.497244000000
*
