! DLPNO-CCSD(T) cc-pVTZ cc-pVTZ/C TIGHTPNO TIGHTSCF
%maxcore 10000
%pal
nprocs 16
end
*xyz -1 1
H 4.321711229449 12.904788055622 8.261157219713
C 4.604535000000 11.906797000000 8.561864000000
H 5.197294000000 11.475739000000 7.746407000000
H 3.713914000000 11.280293000000 8.649403000000
C 5.379020000000 11.708409000000 9.846046000000
H 5.565921000000 10.636074000000 9.946973000000
H 4.754385000000 12.000268000000 10.695458000000
C 6.712556000000 12.434304000000 9.859837000000
H 6.618558000000 13.427913000000 10.300677000000
H 7.036557000000 12.582115000000 8.832895000000
N 7.803151000000 11.720012000000 10.492355000000
H 8.575493000000 11.454796000000 9.869280000000
C 8.070398000000 11.735588000000 11.782575000000
N 7.126527000000 12.106742000000 12.670792000000
H 6.166797000000 11.913658000000 12.451535000000
H 7.400964000000 12.023888000000 13.641174000000
N 9.270223000000 11.424433000000 12.219335000000
H 9.445966000000 11.490344000000 13.217512000000
H 10.005232000000 11.139135000000 11.573476000000
C 13.010530000000 10.618185000000 9.213618000000
H 13.621354000000 10.572567000000 10.100479000000
H 13.506538000000 10.872654000000 8.290378000000
C 11.664055000000 10.620126000000 9.349211000000
C 10.723895000000 11.013491000000 8.212906000000
O 11.140585000000 11.028437000000 7.027903000000
O 9.558582000000 11.348626000000 8.508915000000
O 11.095138000000 10.261065000000 10.472790000000
C 11.158945000000 8.315064000000 10.748393000000
H 10.620913000000 8.336186000000 11.687817000000
C 12.561722000000 8.256495000000 10.767369000000
H 13.082057000000 8.578832000000 11.652352000000
C 13.243714000000 8.051164000000 9.616804000000
C 12.557142000000 7.492443000000 8.456774000000
H 13.176559000000 7.183357000000 7.624992000000
C 11.247838000000 7.276680000000 8.471361000000
H 10.759753000000 6.755133000000 7.658295000000
C 10.378841000000 7.704304000000 9.605153000000
H 9.724176000000 8.504860000000 9.250376000000
O 9.613544000000 6.597956000000 10.009793000000
H 8.874926000000 6.907041000000 10.633941000000
C 14.767670000000 8.060081000000 9.592275000000
O 15.359489000000 8.200984000000 10.691670000000
O 15.318119000000 7.894659000000 8.498113000000
*
