! DLPNO-CCSD(T) cc-pVQZ cc-pVQZ/C TIGHTPNO TIGHTSCF
%maxcore 10000
%pal
nprocs 32
end
*xyz -1 1
H 4.319730507516 12.905778635742 8.257654231871
C 4.602216000000 11.906393000000 8.554016000000
H 5.202880000000 11.484091000000 7.739706000000
H 3.716107000000 11.272812000000 8.632558000000
C 5.374535000000 11.713732000000 9.838472000000
H 5.615493000000 10.650762000000 9.919743000000
H 4.735518000000 11.963729000000 10.689975000000
C 6.662520000000 12.513456000000 9.859035000000
H 6.508118000000 13.501719000000 10.295197000000
H 6.978814000000 12.677005000000 8.832674000000
N 7.789977000000 11.866852000000 10.492303000000
H 8.587029000000 11.666920000000 9.886104000000
C 8.027069000000 11.829394000000 11.789235000000
N 7.043658000000 12.078071000000 12.675072000000
H 6.104205000000 11.836510000000 12.419336000000
H 7.300140000000 11.941330000000 13.643250000000
N 9.237913000000 11.580247000000 12.225607000000
H 9.410530000000 11.609444000000 13.226423000000
H 10.008986000000 11.469178000000 11.578427000000
C 13.103913000000 10.148615000000 9.309915000000
H 13.657765000000 10.597925000000 10.133105000000
H 13.617501000000 10.429931000000 8.398170000000
C 11.735925000000 10.760207000000 9.435358000000
C 10.782943000000 11.132518000000 8.253336000000
O 11.189137000000 11.036712000000 7.078030000000
O 9.658436000000 11.553099000000 8.561375000000
O 11.338516000000 11.023444000000 10.540512000000
C 11.114618000000 8.063680000000 10.882661000000
H 10.553289000000 8.067617000000 11.804856000000
C 12.392416000000 8.394543000000 10.859876000000
H 12.905050000000 8.693909000000 11.759850000000
C 13.137361000000 8.595852000000 9.580044000000
C 12.500912000000 7.775738000000 8.489914000000
H 13.145861000000 7.447765000000 7.682626000000
C 11.235494000000 7.389036000000 8.524577000000
H 10.819502000000 6.782044000000 7.729158000000
C 10.326948000000 7.721023000000 9.659093000000
H 9.720061000000 8.597514000000 9.385103000000
O 9.468181000000 6.631410000000 9.884944000000
H 8.765731000000 6.923220000000 10.552644000000
C 14.661174000000 8.269068000000 9.656310000000
O 15.190670000000 8.167421000000 10.790049000000
O 15.269476000000 8.197447000000 8.578085000000
*
