! DLPNO-CCSD(T) cc-pVQZ cc-pVQZ/C TIGHTPNO TIGHTSCF
%maxcore 10000
%pal
nprocs 32
end
*xyz -1 1
H 4.850706887806 12.930045247481 7.689209185846
C 5.346426000000 11.988347000000 7.873239000000
H 5.819013000000 11.687329000000 6.932932000000
H 4.605060000000 11.216891000000 8.099044000000
C 6.387662000000 11.928182000000 8.970022000000
H 5.903592000000 12.002629000000 9.947034000000
H 7.075543000000 12.768916000000 8.881942000000
C 7.142698000000 10.602975000000 8.882104000000
H 7.893049000000 10.644855000000 8.097116000000
H 6.447551000000 9.809643000000 8.614145000000
N 7.760256000000 10.162289000000 10.124023000000
H 7.529732000000 9.239758000000 10.491614000000
C 8.667751000000 10.821990000000 10.824213000000
N 9.195685000000 11.962027000000 10.351146000000
H 9.474942000000 11.853049000000 9.367742000000
H 9.974131000000 12.288525000000 10.900438000000
N 9.004296000000 10.351841000000 12.015632000000
H 9.686201000000 10.828680000000 12.591580000000
H 8.666285000000 9.433300000000 12.271676000000
C 13.480725000000 10.218818000000 9.016925000000
H 13.998468000000 9.965429000000 9.928720000000
H 14.087631000000 10.443658000000 8.155052000000
C 12.149562000000 10.301016000000 8.989122000000
C 11.430055000000 10.713495000000 7.705600000000
O 12.052035000000 10.687461000000 6.637098000000
O 10.210655000000 11.055324000000 7.831657000000
O 11.397481000000 9.926419000000 10.054930000000
C 11.196621000000 8.265291000000 10.283546000000
H 10.787330000000 8.222793000000 11.291482000000
C 12.545622000000 7.774268000000 10.157422000000
H 13.219254000000 7.868103000000 10.987898000000
C 13.046194000000 7.550860000000 8.940683000000
C 12.147591000000 7.407513000000 7.799574000000
H 12.600487000000 7.221904000000 6.836444000000
C 10.828881000000 7.415141000000 7.959017000000
H 10.176171000000 7.172297000000 7.130177000000
C 10.176306000000 7.816570000000 9.239032000000
H 9.622480000000 8.731720000000 9.038147000000
O 9.285036000000 6.800543000000 9.665263000000
H 8.720506000000 7.129954000000 10.415313000000
C 14.527376000000 7.301884000000 8.753521000000
O 15.220167000000 7.158362000000 9.782438000000
O 14.943333000000 7.275179000000 7.570590000000
*
